clc %reinicia la ventana de comandos
x=[2.5 %datos en x
2.6
2.7
2.8
2.9
3
3.1
3.2
3.3
3.4
3.5
3.6
3.7
3.8
3.9
4
4.1
4.2
4.3
4.4
4.5
4.6
4.7
4.8
4.9
5
5.1
5.2
5.3
5.4
5.5
5.6
5.7
5.8
5.9
6
6.1
6.2
6.3
6.4
6.5
6.6
6.7
6.8
6.9
7
7.1
7.2
7.3
7.4
7.5
7.6
7.7
7.8
7.9
8
8.1
8.2
8.3
8.4
8.5
8.6
8.7
8.8
8.9
9
9.1
9.2
9.3
9.4
9.5
9.6
9.7
9.8
9.9
10
];
y1=[3.2 %datos en I=0.2
2.8
4.4
3.8
2.6
3.8
5
5
6.8
20.6
42
84
118.2
179.4
203.6
245
258.8
285.2
296.6
313.6
325.8
336.8
330.8
346
351
342.6
354.2
349.2
341.6
322.8
329
321.6
312
315
297
293.2
284.6
317.2
465.6
610
605.6
511.2
350.8
256.6
251.4
346.8
800.6
1209.4
1213
1041.2
554.2
265.2
190.2
186.8
174.4
174
156
144.6
147.6
139.2
138.8
137.2
124.8
119.2
109.2
112.8
110.2
101.4
98
95.8
92.2
78.8
83.8
75.8
74.4
75.4
];
y2=[8 %Datos en I=0.4
7.8
6.6
8.2
7.4
6.6
8.4
12.6
15.8
34.6
76.2
143.2
220.2
316.6
381.6
461.2
481.4
544.4
566.2
578
627
609.8
619
644
638.8
650.2
647.6
636.6
632.8
607.4
610.6
582.4
567.8
584.8
567
553.6
541.4
628.6
866
1052
1052
926.4
648.6
522.6
482
666.6
1431.6
1996.8
2099
1793
1029
503.4
358.8
334.8
348.8
308.2
307.2
286
276
270.4
266.2
251
236.2
238
230.6
220
210.8
188.8
188.4
173.4
164.8
169.2
160.6
147.6
155.8
141.2
];
y3=[9.2 %Datos en I=0.6
9.6
9
11.4
11
12
14.2
13.6
21.8
44.8
100.4
202.2
326.2
439
545.4
627.2
711.2
741.6
803.4
837.8
853.2
875.2
915
904.6
904.8
904.2
930.4
903.4
907.2
898.8
876
869.6
857
823.2
805.6
772.8
764.4
879.6
1201.4
1437.2
1450.4
1318.6
926.6
729.2
699.4
921.4
1890.4
2598.6
2750.4
2433.8
1462.2
756.8
528.4
508.2
463
459
445.6
430.4
410.4
390.8
369.2
365.6
358.6
323
310.4
309.8
317
280.8
268.8
260.6
237
242
223.4
226
205
216.4
];
y4=[15.4 %Datos en I=0.8
13.8
13.2
13.2
14
16.4
14.6
19.8
28.4
55.6
123.4
250.8
397.6
552.6
687
789.8
884.4
958
1015
1042.8
1082.6
1107.6
1101.2
1143.6
1124.2
1127
1149.2
1161.2
1129.6
1106.2
1090.4
1074.2
1070.6
1045.2
1019.2
974.6
995.2
1105.8
1459.2
1762.6
1791.8
1649
1210.4
896
889.6
1146
2248.6
3093.4
3275.4
2955.6
1845.6
959
689
652.4
612
601
569.6
538
518.4
502.6
498.8
458
462.2
423
419.8
399.6
394.2
358.2
347.2
346.6
319.6
306.6
287.6
282.4
279.8
276.4
];
y5=[14.8 %Datos en I=1.0
11.4
14.8
19.6
18.6
21.2
19.2
24.2
32.4
66.6
162.6
300
479
673.6
816.2
948
1066.4
1157.8
1221.2
1254.8
1288.4
1339.2
1348.4
1361.8
1354.2
1368.2
1360
1337.6
1345.8
1337.4
1292.6
1305
1263.8
1229.2
1217.2
1188
1169.6
1287.2
1693.8
2057.6
2096.2
1944.2
1427.4
1111.2
1074.2
1361
2538.2
3608.8
3862
3504.4
2255
1194.8
810.2
774.6
748.6
712.6
672.6
665
631.8
605.2
590.8
577.6
537.6
535.2
514
497.2
484
452.8
446.2
412.2
400.2
379.2
365.2
351.6
325.2
326.4
];
plot(y,x1,'-o','MarkerSize',5)%Plots de graficas
hold on
plot(y,x2,'-o','MarkerSize',5)
plot(y,x3,'-o','MarkerSize',5)
plot(y,x4,'-o','MarkerSize',5)
plot(y,x5,'-o','MarkerSize',5)
hold off
xlabel('Ángulo β[°]')
ylabel('Intensidad, R[1/s]')
legend('Datos experimentales, I=0.2mA','Datos experimentales, I=0.4mA','Datos experimentales, I=0.6mA','Datos experimentales, I=0.8mA','Datos experimentales, I=1.0mA','Location','northwest')
legend boxoff
set(gcf,'color','w');%Ajuste de grafica
box off%Ajuste de grafica

trapz(y,x1)%Valores por medio del metodo del trapecio 
trapz(y,x2)
trapz(y,x3)
trapz(y,x4)
trapz(y,x5)
%Fin codigo
